6534
6209
5308
4431
6250
4961
6801
5764
6313
5139
6059
5867
6534
4953
5149
6799
6524
6759
6481
4985
5002
6663
5855
6899
6139
6054
4943
5130
6795
4766
6678
4786
5850
6809
6519
6813
5371
6607
4809
5319
6613
4675
6403
6809
6436
7004
5329
5132
6524
6039
6638
6743
4985
5892
6444
6619
5800
5727
7004
6743
5027
6271
6767
5814
4137
6254
6899
6799
6344
4868
6069
4383
6588
6494
5542
6504
6746
6718
6809
5540
6414
5044
4841
5991
4278
5821
5799
6741
6580
6795
5754
6704
6209
4406
6899
5609
6921
6864
4772
4673
6426
6743
5867
5079
5368
5469
6069
6741
6743
4410
4960
6054
5489
5727
5268
6759
6795
6524
4833
6813
6317
6072
5590
6504
6534
5930
5029
6414
4855
5774
4855
6478
4872
5276
4764
4391
6534
5410
5735
6345
6767
6254
4789
6414
5385
5415
3891
6921
4892
6813
4872
5919
6469
6534
3747
5010
5975
6207
6524
6619
6534
6052
6458
6741
5934
3957
6534
6534
5308
6682
6809
6509
6044
5759
5420
6628
4055
4809
4889
6795
6599
6209
5413
5804
5012
5479
4779
5729
5479
5354
4955
5421
4983
4975
6029
5091
6504
6424
4272
6629
4860
3915
5159
3897
4826
3751
5157
5710
6682
5371
6035
6618
5091
4960
3763
4948
6346
7004
5774
4835
6084
5702
7004
5592
5984
4435
5555
5354
6809
6345
6809
5109
6921
4063
6760
4852
3791
5599
6504
5484
6664
5944
6799
6809
6626
6691
5435
5046
4864
6613
6583
4171
6641
5758
6799
6039
6741
4985
4941
6313
6296
4146
5790
5484
6767
4051
4695
6809
6759
5924
5817
4981
5572
6759
4112
6673
4681
6225
6767
6760
6899
6753
6551
6520
4850
6813
3995
6921

average value: 5826.34722222222
total number considered: 288
standard error: 50.7976317686054