6836
5183
5635
5227
5171
5283
5419
4883
4875
6149
6140
6469
5006
5973
5964
6469
6459
6439
5763
5783
5606
5592
5579
4992
5545
5370
5368
6049
5995
6469
5743
5689
6469
6539
4945
6639
6254
6184
6449
6619
6074
6064
5669
5660
5989
4979
5493
5484
5989
6439
6459
6639
6539
6498
6518
6444
4770
6429
6266
6264
5109
5064
5709
4729
4684
5709
6459
4768
6439
6683
6633
6819
7004
6501
6489
4465
4447
5005
6779
4163
4145
5005
5755
5747
6539
6639
6819
7004
6763
6716
6761
4203
4176
4863
3825
3798
4863
5763
5751
6639
6116
6539
6633
6683
6780
6766
5156
5147
5476
4980
4971
6899
6116
5476
5926
5922
6418
6428
6683
6633
6558
6638
6490
5376
6497
5066
5057
5386
4890
4881
5386
5836
5832
6328
5386
6418
6633
6683
6606
6711
6571
6562
5567
5558
5887
4334
5391
5382
5887
6337
6333
6829
6779
7004
6819
6698
4374
6702
6766
6780
4440
4422
4980
4138
4120
4980
5730
4070
5722
6514
6464
6819
7004
6787
6833
5009
5000
5329
4042
4833
4824
5329
5779
5775
6271
6246
6526
6608
6780
4066
6472
6503
6766
4968
4959
5288
4792
4783
5288
5738
3998
5734
6230
6205
6500
6603
6766
6475
6490
6780
3698
6779
3694
6899
6836
6469
6469
5749
5734
4621
4681
4300
6716
4258
4267
4369
3892
3886
6836
6899
6724
6710
6260
6329
6260
5765
5770
5094
5114
4937
4923
4910
4876
4701
6329
4699
6899
6836
6668
6619
6169
6169
5674
5679
5003
5839
5023
4846
4832
4819
4785
4610
4608
6716
6779
6675
5834
6675
6469
6469
5974
5979
5303
5323
5146
5132
5119
5163
5085
4910
4908
6779
6716
6597
6534
6459
6439
5555

average value: 5782.40277777778
total number considered: 288
standard error: 50.3007322808544