FN:101:(0.5, 0.5, 0.5)
FN:102:(0.5, 0.5, 0.5)
FN:117:(0.5, 0.5, 0.5)
FN:118:(0.5, 0.5, 0.5)
FN:133:(0.5, 0.5, 0.5)
FN:134:(0.5, 0.5, 0.5)
FN:135:(0.5, 0.5, 0.5)
FN:136:(0.5, 0.5, 0.5)
FN:137:(0.5, 0.5, 0.5)
FN:138:(0.5, 0.5, 0.5)
FN:140:(0.5, 0.5, 0.5)
FN:141:(0.5, 0.5, 0.5)
FN:151:(0.5, 0.5, 0.5)
FN:152:(0.5, 0.5, 0.5)
FN:154:(0.5, 0.5, 0.5)
FN:155:(0.5, 0.5, 0.5)
FN:163:(0.5, 0.5, 0.5)
FN:164:(0.5, 0.5, 0.5)
FN:165:(0.5, 0.5, 0.5)
FN:166:(0.5, 0.5, 0.5)
FN:169:(0.5, 0.5, 0.5)
FN:172:(0.5, 0.5, 0.5)
FN:185:(0.5, 0.5, 0.5)
FN:188:(0.5, 0.5, 0.5)
FN:203:(0.5, 0.5, 0.5)
FN:204:(0.5, 0.5, 0.5)
FN:21:(0.5, 0.5, 0.5)
FN:217:(0.5, 0.5, 0.5)
FN:218:(0.5, 0.5, 0.5)
FN:22:(0.5, 0.5, 0.5)
FN:233:(0.5, 0.5, 0.5)
FN:235:(0.5, 0.5, 0.5)
FN:249:(0.5, 0.5, 0.5)
FN:251:(0.5, 0.5, 0.5)
FN:265:(0.5, 0.5, 0.5)
FN:267:(0.5, 0.5, 0.5)
FN:281:(0.5, 0.5, 0.5)
FN:283:(0.5, 0.5, 0.5)
FN:37:(0.5, 0.5, 0.5)
FN:38:(0.5, 0.5, 0.5)
FN:53:(0.5, 0.5, 0.5)
FN:54:(0.5, 0.5, 0.5)
FN:67:(0.5, 0.5, 0.5)
FN:68:(0.5, 0.5, 0.5)
FN:7:(0.5, 0.5, 0.5)
FN:8:(0.5, 0.5, 0.5)
FN:85:(0.5, 0.5, 0.5)
FN:86:(0.5, 0.5, 0.5)
