6921
5489
6004
5288
5296
4888
4880
4968
4912
6234
6225
6554
5010
6058
6049
6554
6524
6544
6089
6079
5610
5612
5435
5012
5433
5441
5455
6134
6080
6554
5828
5774
6554
6829
4835
6779
6434
6444
6059
6049
6159
6089
5194
5149
5794
4833
4814
4769
5794
6544
6524
6819
6919
6501
6489
6683
4855
6633
5754
5745
6074
5578
5569
6074
6524
6544
6779
4841
6829
6529
6619
6366
6364
6498
6478
5567
5558
5887
6864
5391
5382
5887
6337
6333
6829
6779
6919
6819
6766
6801
6780
6702
6698
4431
4395
5111
4027
3991
5111
6011
6201
5995
6779
6829
6761
6763
6833
6787
4440
4422
4980
6984
6201
4138
4120
4980
5730
5722
6514
6819
6464
6919
6833
5471
6787
4465
4447
5005
4163
4145
5005
5755
5747
6539
5461
6919
6639
6819
6763
6761
5054
5045
5374
4878
4869
4801
5374
5824
5820
6316
6571
6291
6603
6761
6763
6658
4781
6627
5008
4999
5328
4832
4823
5328
5778
5774
6270
4043
6540
6245
6608
6763
6761
6648
6633
5071
5062
5391
4047
4895
4886
5391
5841
5837
6333
6638
6423
6600
6787
3743
6833
6693
6684
5184
5175
5504
5008
4999
5504
5954
3739
5950
6446
6711
6456
6649
6833
6787
6639
6646
3755
6864
3783
6984
6921
6554
6554
5834
5819
5099
5129
4292
6801
4298
3917
3911
3977
3935
6921
6984
6809
6795
6345
6414
6345
5855
5850
5420
5410
4941
4943
4766
4764
4772
6414
4786
6984
6921
6753
6704
6254
6254
5764
5759
5329
5924
5319
4850
4852
4675
4673
4681
4695
6801
6864
6760
5919
6760
6554
6554
6064
6059
5629
5619
5150
5152
4975
5479
4973
4981
4995
6864
6801
6682
6619
6544
6524
5964

average value: 5839.90625
total number considered: 288
standard error: 50.9847127053622