((((((((5,6),(7,8)),9),10),11),4),(2,3)),1);
(((((((((5,6),(7,8)),9),10),11),4),2),3),1);
(((((((5,6),(7,8)),9),10),11),((2,3),4)),1);
((((((((5,6),(7,8)),9),10),11),(2,3)),4),1);
((((((5,6),(7,8)),9),10),(((2,3),4),11)),1);
(((((((5,6),(7,8)),9),10),((2,3),4)),11),1);
(((((5,6),(7,8)),9),((((2,3),4),11),10)),1);
((((((5,6),(7,8)),9),(((2,3),4),11)),10),1);
((((5,6),(7,8)),(((((2,3),4),11),10),9)),1);
(((((5,6),(7,8)),((((2,3),4),11),10)),9),1);
(((5,6),((7,8),(((((2,3),4),11),10),9))),1);
(((7,8),((5,6),(((((2,3),4),11),10),9))),1);
(((((7,8),(((((2,3),4),11),10),9)),6),5),1);
(((((7,8),(((((2,3),4),11),10),9)),5),6),1);
(((((5,6),(((((2,3),4),11),10),9)),8),7),1);
(((((5,6),(((((2,3),4),11),10),9)),7),8),1);
((((((((5,6),(7,8)),9),10),11),4),(2,3)),1);
(((((((((5,6),(7,8)),9),10),11),4),2),3),1);
((((((((5,6),(7,8)),9),10),11),(2,4)),3),1);
(((((((((5,6),(7,8)),9),10),11),2),4),3),1);
(((((((((5,6),(7,8)),9),10),2),11),4),3),1);
((((((((5,6),(7,8)),9),10),(11,2)),4),3),1);
(((((((((5,6),(7,8)),9),2),10),11),4),3),1);
((((((((5,6),(7,8)),9),(10,2)),11),4),3),1);
(((((((((5,6),(7,8)),2),9),10),11),4),3),1);
((((((((5,6),(7,8)),(2,9)),10),11),4),3),1);
((((((((7,8),((5,6),2)),9),10),11),4),3),1);
((((((((5,6),((7,8),2)),9),10),11),4),3),1);
(((((((((2,5),6),(7,8)),9),10),11),4),3),1);
(((((((((2,6),5),(7,8)),9),10),11),4),3),1);
((((((((5,6),((2,7),8)),9),10),11),4),3),1);
((((((((5,6),((2,8),7)),9),10),11),4),3),1);
((((((((5,6),(7,8)),9),10),11),(3,4)),2),1);
(((((((((5,6),(7,8)),9),10),11),3),4),2),1);
(((((((5,6),(7,8)),9),10),((3,4),11)),2),1);
((((((((5,6),(7,8)),9),10),(3,4)),11),2),1);
((((((5,6),(7,8)),9),(((3,4),11),10)),2),1);
(((((((5,6),(7,8)),9),((3,4),11)),10),2),1);
(((((5,6),(7,8)),((((3,4),11),10),9)),2),1);
((((((5,6),(7,8)),(((3,4),11),10)),9),2),1);
((((5,6),((7,8),((((3,4),11),10),9))),2),1);
((((7,8),((5,6),((((3,4),11),10),9))),2),1);
((((((7,8),((((3,4),11),10),9)),6),5),2),1);
((((((7,8),((((3,4),11),10),9)),5),6),2),1);
((((((5,6),((((3,4),11),10),9)),8),7),2),1);
((((((5,6),((((3,4),11),10),9)),7),8),2),1);
(((((((((5,6),(7,8)),9),10),11),4),2),3),1);
(((2,3),((((((5,6),(7,8)),9),10),11),4)),1);
((((((((5,6),(7,8)),9),10),11),(3,4)),2),1);
(((((((((5,6),(7,8)),9),10),11),3),4),2),1);
(((((((((5,6),(7,8)),9),10),3),11),4),2),1);
((((((((5,6),(7,8)),9),10),(11,3)),4),2),1);
(((((((((5,6),(7,8)),9),3),10),11),4),2),1);
((((((((5,6),(7,8)),9),(10,3)),11),4),2),1);
(((((((((5,6),(7,8)),3),9),10),11),4),2),1);
((((((((5,6),(7,8)),(3,9)),10),11),4),2),1);
((((((((7,8),((5,6),3)),9),10),11),4),2),1);
((((((((5,6),((7,8),3)),9),10),11),4),2),1);
(((((((((3,5),6),(7,8)),9),10),11),4),2),1);
(((((((((3,6),5),(7,8)),9),10),11),4),2),1);
((((((((5,6),((3,7),8)),9),10),11),4),2),1);
((((((((5,6),((3,8),7)),9),10),11),4),2),1);
((((((((5,6),(7,8)),9),10),11),4),(2,3)),1);
(((((((((5,6),(7,8)),9),10),11),4),2),3),1);
((((((((5,6),(7,8)),9),10),(11,4)),3),2),1);
(((((((((5,6),(7,8)),9),10),4),11),3),2),1);
(((((((5,6),(7,8)),9),((11,4),10)),3),2),1);
((((((((5,6),(7,8)),9),(11,4)),10),3),2),1);
((((((5,6),(7,8)),(((11,4),10),9)),3),2),1);
(((((((5,6),(7,8)),((11,4),10)),9),3),2),1);
(((((5,6),((7,8),(((11,4),10),9))),3),2),1);
(((((7,8),((5,6),(((11,4),10),9))),3),2),1);
(((((((7,8),(((11,4),10),9)),6),5),3),2),1);
(((((((7,8),(((11,4),10),9)),5),6),3),2),1);
(((((((5,6),(((11,4),10),9)),8),7),3),2),1);
(((((((5,6),(((11,4),10),9)),7),8),3),2),1);
(((((((((5,6),(7,8)),9),10),11),3),2),4),1);
((((((((5,6),(7,8)),9),10),11),3),(2,4)),1);
(((((((((5,6),(7,8)),9),10),11),3),4),2),1);
((((3,4),(((((5,6),(7,8)),9),10),11)),2),1);
(((((((((5,6),(7,8)),9),10),4),11),3),2),1);
((((((((5,6),(7,8)),9),10),(11,4)),3),2),1);
(((((((((5,6),(7,8)),9),4),10),11),3),2),1);
((((((((5,6),(7,8)),9),(10,4)),11),3),2),1);
(((((((((5,6),(7,8)),4),9),10),11),3),2),1);
((((((((5,6),(7,8)),(4,9)),10),11),3),2),1);
((((((((7,8),((5,6),4)),9),10),11),3),2),1);
((((((((5,6),((7,8),4)),9),10),11),3),2),1);
(((((((((4,5),6),(7,8)),9),10),11),3),2),1);
(((((((((4,6),5),(7,8)),9),10),11),3),2),1);
((((((((5,6),((4,7),8)),9),10),11),3),2),1);
((((((((5,6),((4,8),7)),9),10),11),3),2),1);
(((((((5,6),(7,8)),9),10),11),((3,4),2)),1);
(((3,4),((((((5,6),(7,8)),9),10),11),2)),1);
((((((((5,6),(7,8)),9),10),11),(3,4)),2),1);
(((((((((5,6),(7,8)),9),10),11),3),4),2),1);
((((((((7,8),((10,11),9)),6),5),4),3),2),1);
((((((((7,8),((10,11),9)),5),6),4),3),2),1);
(((((((7,8),((10,11),9)),(5,6)),4),3),2),1);
((((((7,8),(((10,11),9),(5,6))),4),3),2),1);
(((((((10,11),9),((7,8),(5,6))),4),3),2),1);
(((((((((10,11),9),(5,6)),8),7),4),3),2),1);
(((((((((10,11),9),(5,6)),7),8),4),3),2),1);
(((((((10,11),((7,8),(5,6))),9),4),3),2),1);
((((((10,11),(((7,8),(5,6)),9)),4),3),2),1);
(((((((((7,8),(5,6)),9),11),10),4),3),2),1);
((((((5,6),(7,8)),9),10),(((11,4),3),2)),1);
((((11,4),3),(((((5,6),(7,8)),9),10),2)),1);
(((((((5,6),(7,8)),9),10),((11,4),3)),2),1);
((((11,4),(((((5,6),(7,8)),9),10),3)),2),1);
((((((((5,6),(7,8)),9),10),(11,4)),3),2),1);
(((((((((5,6),(7,8)),9),10),4),11),3),2),1);
(((((((((7,8),(10,9)),6),5),11),4),3),2),1);
(((((((((7,8),(10,9)),5),6),11),4),3),2),1);
((((((((7,8),(10,9)),(5,6)),11),4),3),2),1);
(((((((7,8),((10,9),(5,6))),11),4),3),2),1);
(((((((10,9),((7,8),(5,6))),11),4),3),2),1);
(((((((((10,9),(5,6)),8),7),11),4),3),2),1);
(((((((((10,9),(5,6)),7),8),11),4),3),2),1);
(((((((((7,8),(5,6)),10),9),11),4),3),2),1);
(((((((((5,6),(7,8)),9),10),4),3),2),11),1);
((((((((5,6),(7,8)),9),10),4),3),(11,2)),1);
(((((((((5,6),(7,8)),9),10),4),3),11),2),1);
((((((((5,6),(7,8)),9),10),4),(11,3)),2),1);
(((((((((5,6),(7,8)),9),10),4),11),3),2),1);
(((((11,4),((((5,6),(7,8)),9),10)),3),2),1);
(((((((((5,6),(7,8)),9),11),10),4),3),2),1);
((((((((5,6),(7,8)),9),(10,11)),4),3),2),1);
(((((((((5,6),(7,8)),11),9),10),4),3),2),1);
((((((((5,6),(7,8)),(11,9)),10),4),3),2),1);
((((((((7,8),((5,6),11)),9),10),4),3),2),1);
((((((((5,6),((7,8),11)),9),10),4),3),2),1);
(((((((((11,5),6),(7,8)),9),10),4),3),2),1);
(((((((((11,6),5),(7,8)),9),10),4),3),2),1);
((((((((5,6),((11,7),8)),9),10),4),3),2),1);
((((((((5,6),((11,8),7)),9),10),4),3),2),1);
(((((5,6),(7,8)),9),((((10,11),4),3),2)),1);
(((((10,11),4),3),((((5,6),(7,8)),9),2)),1);
((((((5,6),(7,8)),9),(((10,11),4),3)),2),1);
(((((10,11),4),((((5,6),(7,8)),9),3)),2),1);
(((((((5,6),(7,8)),9),((10,11),4)),3),2),1);
(((((10,11),((((5,6),(7,8)),9),4)),3),2),1);
((((((((5,6),(7,8)),9),(10,11)),4),3),2),1);
(((((((((5,6),(7,8)),9),11),10),4),3),2),1);
((((((((((7,8),9),6),5),10),11),4),3),2),1);
((((((((((7,8),9),5),6),10),11),4),3),2),1);
(((((((((7,8),9),(5,6)),10),11),4),3),2),1);
((((((((7,8),((5,6),9)),10),11),4),3),2),1);
((((((((((5,6),9),8),7),10),11),4),3),2),1);
((((((((((5,6),9),7),8),10),11),4),3),2),1);
(((((((((5,6),(7,8)),9),11),4),3),2),10),1);
((((((((5,6),(7,8)),9),11),4),3),(10,2)),1);
(((((((((5,6),(7,8)),9),11),4),3),10),2),1);
((((((((5,6),(7,8)),9),11),4),(10,3)),2),1);
(((((((((5,6),(7,8)),9),11),4),10),3),2),1);
((((((((5,6),(7,8)),9),11),(10,4)),3),2),1);
(((((((((5,6),(7,8)),9),11),10),4),3),2),1);
((((((10,11),(((5,6),(7,8)),9)),4),3),2),1);
(((((((((5,6),(7,8)),10),9),11),4),3),2),1);
((((((((5,6),(7,8)),(10,9)),11),4),3),2),1);
((((((((7,8),((5,6),10)),9),11),4),3),2),1);
((((((((5,6),((7,8),10)),9),11),4),3),2),1);
(((((((((10,5),6),(7,8)),9),11),4),3),2),1);
(((((((((10,6),5),(7,8)),9),11),4),3),2),1);
((((((((5,6),((10,7),8)),9),11),4),3),2),1);
((((((((5,6),((10,8),7)),9),11),4),3),2),1);
((((5,6),(7,8)),(((((10,9),11),4),3),2)),1);
((((((10,9),11),4),3),(((5,6),(7,8)),2)),1);
(((((5,6),(7,8)),((((10,9),11),4),3)),2),1);
((((((10,9),11),4),(((5,6),(7,8)),3)),2),1);
((((((5,6),(7,8)),(((10,9),11),4)),3),2),1);
((((((10,9),11),(((5,6),(7,8)),4)),3),2),1);
(((((((5,6),(7,8)),((10,9),11)),4),3),2),1);
((((((((5,6),(7,8)),(10,9)),11),4),3),2),1);
((((((10,9),(((5,6),(7,8)),11)),4),3),2),1);
(((((((((5,6),(7,8)),10),9),11),4),3),2),1);
((((((((((7,8),6),5),9),10),11),4),3),2),1);
((((((((((7,8),5),6),9),10),11),4),3),2),1);
((((((((((5,6),8),7),9),10),11),4),3),2),1);
((((((((((5,6),7),8),9),10),11),4),3),2),1);
(((((((((5,6),(7,8)),10),11),4),3),2),9),1);
((((((((5,6),(7,8)),10),11),4),3),(2,9)),1);
(((((((((5,6),(7,8)),10),11),4),3),9),2),1);
((((((((5,6),(7,8)),10),11),4),(3,9)),2),1);
(((((((((5,6),(7,8)),10),11),4),9),3),2),1);
((((((((5,6),(7,8)),10),11),(4,9)),3),2),1);
(((((((((5,6),(7,8)),10),11),9),4),3),2),1);
(((((((((5,6),(7,8)),10),9),11),4),3),2),1);
((((((((5,6),(7,8)),10),(11,9)),4),3),2),1);
(((((((10,9),((5,6),(7,8))),11),4),3),2),1);
((((((((7,8),((5,6),9)),10),11),4),3),2),1);
((((((((5,6),((7,8),9)),10),11),4),3),2),1);
(((((((((5,9),6),(7,8)),10),11),4),3),2),1);
(((((((((6,9),5),(7,8)),10),11),4),3),2),1);
((((((((5,6),((7,9),8)),10),11),4),3),2),1);
((((((((5,6),((8,9),7)),10),11),4),3),2),1);
(((5,6),(((((((7,8),9),10),11),4),3),2)),1);
((((((((7,8),9),10),11),4),3),((5,6),2)),1);
((((5,6),((((((7,8),9),10),11),4),3)),2),1);
((((((((7,8),9),10),11),4),((5,6),3)),2),1);
(((((5,6),(((((7,8),9),10),11),4)),3),2),1);
((((((((7,8),9),10),11),((5,6),4)),3),2),1);
((((((5,6),((((7,8),9),10),11)),4),3),2),1);
(((((((5,6),(((7,8),9),10)),11),4),3),2),1);
((((((((7,8),9),10),((5,6),11)),4),3),2),1);
((((((((5,6),((7,8),9)),10),11),4),3),2),1);
((((((((7,8),9),((5,6),10)),11),4),3),2),1);
(((((((((5,6),9),(7,8)),10),11),4),3),2),1);
((((((((((5,6),7),8),9),10),11),4),3),2),1);
((((((((((5,6),8),7),9),10),11),4),3),2),1);
(((7,8),(((((((5,6),9),10),11),4),3),2)),1);
((((((((5,6),9),10),11),4),3),((7,8),2)),1);
((((7,8),((((((5,6),9),10),11),4),3)),2),1);
((((((((5,6),9),10),11),4),((7,8),3)),2),1);
(((((7,8),(((((5,6),9),10),11),4)),3),2),1);
((((((((5,6),9),10),11),((7,8),4)),3),2),1);
((((((7,8),((((5,6),9),10),11)),4),3),2),1);
(((((((7,8),(((5,6),9),10)),11),4),3),2),1);
((((((((5,6),9),10),((7,8),11)),4),3),2),1);
((((((((7,8),((5,6),9)),10),11),4),3),2),1);
((((((((5,6),9),((7,8),10)),11),4),3),2),1);
(((((((((7,8),9),(5,6)),10),11),4),3),2),1);
((((((((((7,8),5),6),9),10),11),4),3),2),1);
((((((((((7,8),6),5),9),10),11),4),3),2),1);
((((((((((7,8),6),9),10),11),4),3),2),5),1);
(((((((((7,8),6),9),10),11),4),3),(2,5)),1);
((((((((((7,8),6),9),10),11),4),3),5),2),1);
(((((((((7,8),6),9),10),11),4),(3,5)),2),1);
((((((((((7,8),6),9),10),11),4),5),3),2),1);
(((((((((7,8),6),9),10),11),(4,5)),3),2),1);
((((((((((7,8),6),9),10),11),5),4),3),2),1);
((((((((((7,8),6),9),10),5),11),4),3),2),1);
(((((((((7,8),6),9),10),(11,5)),4),3),2),1);
((((((((((7,8),6),9),5),10),11),4),3),2),1);
(((((((((7,8),6),9),(10,5)),11),4),3),2),1);
((((((((((7,8),6),5),9),10),11),4),3),2),1);
(((((((((7,8),6),(5,9)),10),11),4),3),2),1);
((((((((((7,8),5),6),9),10),11),4),3),2),1);
((((((((((5,7),8),6),9),10),11),4),3),2),1);
((((((((((5,8),7),6),9),10),11),4),3),2),1);
((((((((((7,8),5),9),10),11),4),3),2),6),1);
(((((((((7,8),5),9),10),11),4),3),(2,6)),1);
((((((((((7,8),5),9),10),11),4),3),6),2),1);
(((((((((7,8),5),9),10),11),4),(3,6)),2),1);
((((((((((7,8),5),9),10),11),4),6),3),2),1);
(((((((((7,8),5),9),10),11),(4,6)),3),2),1);
((((((((((7,8),5),9),10),11),6),4),3),2),1);
((((((((((7,8),5),9),10),6),11),4),3),2),1);
(((((((((7,8),5),9),10),(11,6)),4),3),2),1);
((((((((((7,8),5),9),6),10),11),4),3),2),1);
(((((((((7,8),5),9),(10,6)),11),4),3),2),1);
((((((((((7,8),5),6),9),10),11),4),3),2),1);
(((((((((7,8),5),(6,9)),10),11),4),3),2),1);
((((((((((7,8),6),5),9),10),11),4),3),2),1);
((((((((((6,7),8),5),9),10),11),4),3),2),1);
((((((((((6,8),7),5),9),10),11),4),3),2),1);
((((((((((5,6),8),9),10),11),4),3),2),7),1);
(((((((((5,6),8),9),10),11),4),3),(2,7)),1);
((((((((((5,6),8),9),10),11),4),3),7),2),1);
(((((((((5,6),8),9),10),11),4),(3,7)),2),1);
((((((((((5,6),8),9),10),11),4),7),3),2),1);
(((((((((5,6),8),9),10),11),(4,7)),3),2),1);
((((((((((5,6),8),9),10),11),7),4),3),2),1);
((((((((((5,6),8),9),10),7),11),4),3),2),1);
(((((((((5,6),8),9),10),(11,7)),4),3),2),1);
((((((((((5,6),8),9),7),10),11),4),3),2),1);
(((((((((5,6),8),9),(10,7)),11),4),3),2),1);
((((((((((5,6),8),7),9),10),11),4),3),2),1);
(((((((((5,6),8),(7,9)),10),11),4),3),2),1);
((((((((((5,6),7),8),9),10),11),4),3),2),1);
((((((((((5,7),6),8),9),10),11),4),3),2),1);
((((((((((6,7),5),8),9),10),11),4),3),2),1);
((((((((((5,6),7),9),10),11),4),3),2),8),1);
(((((((((5,6),7),9),10),11),4),3),(2,8)),1);
((((((((((5,6),7),9),10),11),4),3),8),2),1);
(((((((((5,6),7),9),10),11),4),(3,8)),2),1);
((((((((((5,6),7),9),10),11),4),8),3),2),1);
(((((((((5,6),7),9),10),11),(4,8)),3),2),1);
((((((((((5,6),7),9),10),11),8),4),3),2),1);
((((((((((5,6),7),9),10),8),11),4),3),2),1);
(((((((((5,6),7),9),10),(11,8)),4),3),2),1);
((((((((((5,6),7),9),8),10),11),4),3),2),1);
(((((((((5,6),7),9),(10,8)),11),4),3),2),1);
((((((((((5,6),7),8),9),10),11),4),3),2),1);
(((((((((5,6),7),(8,9)),10),11),4),3),2),1);
((((((((((5,6),8),7),9),10),11),4),3),2),1);
((((((((((5,8),6),7),9),10),11),4),3),2),1);
((((((((((6,8),5),7),9),10),11),4),3),2),1);
