57
66
50
58
52
45
63
63
42
48
46
41
57
57
46
42
57
57
48
45
59
59
71
71
84
84
98
98
98
98
113
113
129
129
146
146
71
71
84
84
84
84
98
98
113
113
129
129
146
146
164
164
52
50
63
63
75
75
75
75
88
88
58
57
69
69
66
66
57
66
58
66
59
66
60
60
60
66
61
66
62
62
62
66
63
63
63
66
64
64
65
65
66
66
67
67
67
67
68
68
69
69
70
70
65
65
66
66
66
66
67
67
68
68
69
69
70
70
71
71
64
66
65
65
66
66
66
66
67
67
65
66
66
66
66
66
58
66
59
52
69
69
48
54
51
46
61
61
50
46
60
60
51
48
61
61
72
72
84
84
97
97
97
97
111
111
126
126
142
142
72
72
84
84
84
84
97
97
111
111
126
126
142
142
159
159
54
52
64
64
75
75
75
75
87
87
59
58
69
69
66
66
66
57
58
66
59
66
60
60
60
66
61
66
62
62
62
66
63
63
63
66
64
64
65
65
66
66
67
67
67
67
68
68
69
69
70
70
65
65
66
66
66
66
67
67
68
68
69
69
70
70
71
71
64
66
65
65
66
66
66
66
67
67
65
66
66
66
66
66
57
66
66
59
75
75
54
60
56
51
65
65
54
50
63
63
54
51
63
63
73
73
84
84
96
96
96
96
109
109
123
123
138
138
73
73
84
84
84
84
96
96
109
109
123
123
138
138
154
154
56
54
65
65
75
75
75
75
86
86
60
59
69
69
66
66
66
57
66
58
59
66
60
60
60
66
61
66
62
62
62
66
63
63
63
66
64
64
65
65
66
66
67
67
67
67
68
68
69
69
70
70
65
65
66
66
66
66
67
67
68
68
69
69
70
70
71
71
64
66
65
65
66
66
66
66
67
67
65
66
66
66
66
66
50
57
58
66
74
74
60
66
61
56
69
69
58
54
66
66
57
54
65
65
74
74
84
84
95
95
95
95
107
107
120
120
134
134
74
74
84
84
84
84
95
95
107
107
120
120
134
134
149
149
58
56
66
66
75
75
75
75
85
85
61
60
69
69
66
66
66
57
66
58
66
59
60
66
61
66
62
62
62
66
63
63
63
66
64
64
65
65
66
66
67
67
67
67
68
68
69
69
70
70
65
65
66
66
66
66
67
67
68
68
69
69
70
70
71
71
64
66
65
65
66
66
66
66
67
67
65
66
66
66
66
66
45
50
52
58
59
66
74
74
66
61
73
73
62
58
69
69
60
57
67
67
75
75
84
84
94
94
94
94
105
105
117
117
130
130
75
75
84
84
84
84
94
94
105
105
117
117
130
130
144
144
60
58
67
67
75
75
75
75
84
84
62
61
69
69
66
66
77
67
76
67
75
67
74
74
68
74
69
74
70
70
70
74
71
71
71
74
72
72
73
73
74
74
75
75
75
75
76
76
77
77
78
78
73
73
74
74
74
74
75
75
76
76
77
77
78
78
79
79
72
74
73
73
74
74
74
74
75
75
73
74
74
74
74
74
77
67
76
67
75
67
74
74
68
74
69
74
70
70
70
74
71
71
71
74
72
72
73
73
74
74
75
75
75
75
76
76
77
77
78
78
73
73
74
74
74
74
75
75
76
76
77
77
78
78
79
79
72
74
73
73
74
74
74
74
75
75
73
74
74
74
74
74
66
57
66
58
66
59
66
60
61
61
61
66
62
62
62
66
63
63
63
66
64
64
65
65
66
66
67
67
67
67
68
68
69
69
70
70
65
65
66
66
66
66
67
67
68
68
69
69
70
70
71
71
64
66
65
65
66
66
66
66
67
67
65
66
66
66
66
66
42
45
48
52
54
59
60
66
73
73
72
72
66
62
72
72
63
60
69
69
76
76
84
84
93
93
93
93
103
103
114
114
126
126
76
76
84
84
84
84
93
93
103
103
114
114
126
126
139
139
62
60
68
68
75
75
75
75
83
83
63
62
69
69
66
66
66
57
66
58
66
59
66
60
66
61
61
61
62
66
63
63
63
66
64
64
65
65
66
66
67
67
67
67
68
68
69
69
70
70
65
65
66
66
66
66
67
67
68
68
69
69
70
70
71
71
64
66
65
65
66
66
66
66
67
67
65
66
66
66
66
66
41
42
46
48
51
54
56
60
61
66
66
66
72
72
71
71
66
63
71
71
77
77
84
84
92
92
92
92
101
101
111
111
122
122
77
77
84
84
84
84
92
92
101
101
111
111
122
122
134
134
64
62
69
69
75
75
75
75
82
82
64
63
69
69
66
66
77
67
76
67
75
67
74
67
73
68
68
67
72
72
68
72
69
69
69
72
70
70
71
71
72
72
73
73
73
73
74
74
75
75
76
76
71
71
72
72
72
72
73
73
74
74
75
75
76
76
77
77
70
72
71
71
72
72
72
72
73
73
71
72
72
72
72
72
77
67
76
67
75
67
74
67
73
68
68
67
72
72
68
72
69
69
69
72
70
70
71
71
72
72
73
73
73
73
74
74
75
75
76
76
71
71
72
72
72
72
73
73
74
74
75
75
76
76
77
77
70
72
71
71
72
72
72
72
73
73
71
72
72
72
72
72
66
57
66
58
66
59
66
60
66
61
61
61
66
62
63
63
63
66
64
64
65
65
66
66
67
67
67
67
68
68
69
69
70
70
65
65
66
66
66
66
67
67
68
68
69
69
70
70
71
71
64
66
65
65
66
66
66
66
67
67
65
66
66
66
66
66
42
41
46
46
50
51
54
56
58
61
61
61
62
66
71
71
71
71
75
75
70
81
81
88
88
88
88
96
96
105
105
115
115
70
75
75
81
81
81
81
88
88
96
96
105
105
115
115
126
126
66
64
70
70
75
75
75
75
81
81
65
64
69
69
66
66
77
67
76
67
75
67
74
67
73
68
68
67
72
67
71
68
68
71
68
71
69
69
70
70
71
71
72
72
72
72
73
73
74
74
75
75
70
70
71
71
71
71
72
72
73
73
74
74
75
75
76
76
69
71
70
70
71
71
71
71
72
72
70
71
71
71
71
71
77
67
76
67
75
67
74
67
73
68
68
67
72
67
71
68
68
71
68
71
69
69
70
70
71
71
72
72
72
72
73
73
74
74
75
75
70
70
71
71
71
71
72
72
73
73
74
74
75
75
76
76
69
71
70
70
71
71
71
71
72
72
70
71
71
71
71
71
66
57
66
58
66
59
66
60
66
61
61
61
66
62
66
63
63
63
64
64
64
66
65
65
66
66
66
66
67
67
65
66
66
66
66
66
67
67
69
69
72
72
72
72
76
76
81
81
87
87
67
67
69
69
69
69
72
72
76
76
81
81
87
87
94
94
45
42
48
46
51
50
54
54
57
58
58
58
60
62
63
66
66
66
70
70
70
70
74
74
78
78
82
82
82
82
86
86
90
90
94
94
74
74
78
78
78
78
82
82
86
86
90
90
94
94
98
98
73
73
69
69
73
73
78
78
66
65
69
69
66
66
77
67
76
67
75
67
74
67
73
68
68
67
72
67
71
68
68
67
70
68
68
70
67
67
68
68
68
68
69
69
70
70
71
71
72
72
73
73
68
70
69
69
70
70
70
70
71
71
69
70
70
70
70
70
67
67
69
69
69
69
72
72
76
76
81
81
77
67
76
67
75
67
74
67
73
68
68
67
72
67
71
68
68
67
70
68
68
70
67
67
68
68
69
69
69
69
70
70
71
71
72
72
68
70
69
69
70
70
70
70
71
71
69
70
70
70
70
70
67
67
67
67
69
69
72
72
76
76
81
81
87
87
86
75
84
74
82
73
80
72
78
73
73
71
76
70
74
71
71
69
72
70
70
67
71
67
67
67
68
68
68
68
69
69
70
70
71
71
68
68
69
69
69
69
70
70
71
71
72
72
73
73
74
74
69
71
70
70
71
71
71
71
72
72
70
71
71
71
71
71
86
75
84
74
82
73
80
72
78
73
73
71
76
70
74
71
71
69
72
70
70
67
71
67
68
68
69
69
69
69
70
70
71
71
72
72
73
73
74
74
69
71
70
70
71
71
71
71
72
72
70
71
71
71
71
71
67
67
67
67
69
69
72
72
76
76
96
84
93
82
90
80
87
78
84
79
79
76
81
74
78
75
75
72
75
73
73
69
73
67
68
67
67
67
68
68
69
69
70
70
69
69
70
70
70
70
71
71
72
72
73
73
74
74
75
75
71
73
72
72
73
73
73
73
74
74
72
73
73
73
73
73
96
84
93
82
90
80
87
78
84
79
79
76
81
74
78
75
75
72
75
73
73
69
73
67
68
67
67
67
69
69
70
70
70
70
71
71
72
72
73
73
74
74
75
75
71
73
72
72
73
73
73
73
74
74
72
73
73
73
73
73
67
67
69
69
72
72
107
94
103
91
99
88
95
85
91
86
86
82
87
79
83
80
80
76
79
77
77
72
76
69
70
68
67
67
68
68
69
69
70
70
71
71
71
71
72
72
72
72
73
73
74
74
75
75
76
76
77
77
74
76
75
75
76
76
76
76
77
77
75
76
76
76
76
76
107
94
103
91
99
88
95
85
91
86
86
82
87
79
83
80
80
76
79
77
77
72
76
69
70
68
67
67
68
68
69
69
70
70
71
71
71
71
72
72
72
72
73
73
74
74
75
75
76
76
77
77
74
76
75
75
76
76
76
76
77
77
75
76
76
76
76
76
107
94
103
91
99
88
95
85
91
86
86
82
87
79
83
80
80
76
79
77
77
72
76
69
70
68
67
67
68
68
67
67
68
68
69
69
71
71
72
72
72
72
73
73
74
74
75
75
76
76
77
77
74
76
75
75
76
76
76
76
77
77
75
76
76
76
76
76
107
94
103
91
99
88
95
85
91
86
86
82
87
79
83
80
80
76
79
77
77
72
76
69
70
68
67
67
68
68
71
71
72
72
72
72
73
73
74
74
75
75
76
76
77
77
74
76
75
75
76
76
76
76
77
77
75
76
76
76
76
76
67
67
69
69
119
105
114
101
109
97
104
93
99
94
94
89
94
85
89
86
86
81
84
82
82
76
80
72
73
70
69
68
67
69
69
67
67
67
68
68
74
74
75
75
75
75
76
76
77
77
78
78
79
79
80
80
78
80
79
79
80
80
80
80
81
81
79
80
80
80
80
80
119
105
114
101
109
97
104
93
99
94
94
89
94
85
89
86
86
81
84
82
82
76
80
72
73
70
69
68
67
69
69
67
74
74
75
75
75
75
76
76
77
77
78
78
79
79
80
80
78
80
79
79
80
80
80
80
81
81
79
80
80
80
80
80
67
67
132
117
126
112
120
107
114
102
108
103
103
97
102
92
96
93
93
87
90
88
88
81
85
76
77
73
72
70
69
71
71
68
67
67
67
67
78
78
79
79
79
79
80
80
81
81
82
82
83
83
84
84
83
85
84
84
85
85
85
85
86
86
84
85
85
85
85
85
132
117
126
112
120
107
114
102
108
103
103
97
102
92
96
93
93
87
90
88
88
81
85
76
77
73
72
70
69
71
71
68
67
67
78
78
79
79
79
79
80
80
81
81
82
82
83
83
84
84
83
85
84
84
85
85
85
85
86
86
84
85
85
85
85
85
146
130
139
124
132
118
125
112
118
113
113
106
111
100
104
101
101
94
97
95
95
87
91
81
82
77
76
73
72
74
74
70
69
68
67
67
83
83
84
84
84
84
85
85
86
86
87
87
88
88
89
89
89
91
90
90
91
91
91
91
92
92
90
91
91
91
91
91
146
130
139
124
132
118
125
112
118
113
113
106
111
100
104
101
101
94
97
95
95
87
91
81
82
77
76
73
72
74
74
70
69
68
67
67
83
83
84
84
84
84
85
85
86
86
87
87
88
88
89
89
89
91
90
90
91
91
91
91
92
92
90
91
91
91
91
91
86
75
84
74
82
73
80
72
78
73
73
71
76
70
74
71
71
69
72
70
70
67
71
67
68
68
69
69
70
70
70
70
71
71
72
72
73
73
67
67
68
68
69
69
70
70
71
71
72
72
69
71
70
70
71
71
71
71
72
72
70
71
71
71
71
71
86
75
84
74
82
73
80
72
78
73
73
71
76
70
74
71
71
69
72
70
70
67
71
67
68
68
69
69
70
70
70
70
71
71
72
72
73
73
67
67
69
71
70
70
71
71
71
71
72
72
70
71
71
71
71
71
67
67
69
69
72
72
76
76
81
81
96
84
93
82
90
80
87
78
84
79
79
76
81
74
78
75
75
72
75
73
73
69
73
68
67
69
69
70
70
71
71
71
71
72
72
73
73
74
74
67
68
68
69
69
70
70
71
71
72
72
73
73
71
73
72
72
73
73
73
73
74
74
72
73
73
73
73
73
96
84
93
82
90
80
87
78
84
79
79
76
81
74
78
75
75
72
75
73
73
69
73
68
67
69
69
70
70
71
71
71
71
72
72
73
73
74
74
67
68
68
69
69
70
70
71
71
72
72
73
73
71
73
72
72
73
73
73
73
74
74
72
73
73
73
73
73
96
84
93
82
90
80
87
78
84
79
79
76
81
74
78
75
75
72
75
73
73
69
73
68
67
69
69
70
70
71
71
71
71
72
72
73
73
74
74
67
68
68
67
67
68
68
69
69
70
70
71
71
71
73
72
72
73
73
73
73
74
74
72
73
73
73
73
73
96
84
93
82
90
80
87
78
84
79
79
76
81
74
78
75
75
72
75
73
73
69
73
68
67
69
69
70
70
71
71
71
71
72
72
73
73
74
74
67
68
68
71
73
72
72
73
73
73
73
74
74
72
73
73
73
73
73
67
67
69
69
72
72
76
76
107
94
103
91
99
88
95
85
91
86
86
82
87
79
83
80
80
76
79
77
77
72
76
70
69
71
71
72
72
73
73
73
73
74
74
75
75
76
76
68
67
69
69
67
67
67
68
68
69
69
70
70
74
76
75
75
76
76
76
76
77
77
75
76
76
76
76
76
107
94
103
91
99
88
95
85
91
86
86
82
87
79
83
80
80
76
79
77
77
72
76
70
69
71
71
72
72
73
73
73
73
74
74
75
75
76
76
68
67
69
69
67
74
76
75
75
76
76
76
76
77
77
75
76
76
76
76
76
67
67
69
69
72
72
119
105
114
101
109
97
104
93
99
94
94
89
94
85
89
86
86
81
84
82
82
76
80
73
72
74
74
75
75
76
76
76
76
77
77
78
78
79
79
70
69
71
71
68
67
67
67
67
68
68
69
69
78
80
79
79
80
80
80
80
81
81
79
80
80
80
80
80
119
105
114
101
109
97
104
93
99
94
94
89
94
85
89
86
86
81
84
82
82
76
80
73
72
74
74
75
75
76
76
76
76
77
77
78
78
79
79
70
69
71
71
68
67
67
78
80
79
79
80
80
80
80
81
81
79
80
80
80
80
80
67
67
69
69
132
117
126
112
120
107
114
102
108
103
103
97
102
92
96
93
93
87
90
88
88
81
85
77
76
78
78
79
79
80
80
80
80
81
81
82
82
83
83
73
72
74
74
70
69
68
67
67
67
67
68
68
83
85
84
84
85
85
85
85
86
86
84
85
85
85
85
85
132
117
126
112
120
107
114
102
108
103
103
97
102
92
96
93
93
87
90
88
88
81
85
77
76
78
78
79
79
80
80
80
80
81
81
82
82
83
83
73
72
74
74
70
69
68
67
67
83
85
84
84
85
85
85
85
86
86
84
85
85
85
85
85
67
67
146
130
139
124
132
118
125
112
118
113
113
106
111
100
104
101
101
94
97
95
95
87
91
82
81
83
83
84
84
85
85
85
85
86
86
87
87
88
88
77
76
78
78
73
72
70
69
68
67
67
67
67
89
91
90
90
91
91
91
91
92
92
90
91
91
91
91
91
146
130
139
124
132
118
125
112
118
113
113
106
111
100
104
101
101
94
97
95
95
87
91
82
81
83
83
84
84
85
85
85
85
86
86
87
87
88
88
77
76
78
78
73
72
70
69
68
67
67
89
91
90
90
91
91
91
91
92
92
90
91
91
91
91
91
161
144
153
137
145
130
137
123
129
124
124
116
121
109
113
110
110
102
105
103
103
94
98
88
87
89
89
90
90
91
91
91
91
92
92
93
93
94
94
82
81
83
83
77
76
73
72
70
69
68
67
67
96
98
97
97
98
98
98
98
99
99
97
98
98
98
98
98
161
144
153
137
145
130
137
123
129
124
124
116
121
109
113
110
110
102
105
103
103
94
98
88
87
89
89
90
90
91
91
91
91
92
92
93
93
94
94
82
81
83
83
77
76
73
72
70
69
68
67
67
96
98
97
97
98
98
98
98
99
99
97
98
98
98
98
98
66
57
66
58
66
59
66
60
66
61
61
61
66
62
66
63
63
63
66
64
64
64
65
65
66
66
67
67
68
68
68
68
69
69
70
70
71
71
66
66
67
67
67
67
68
68
69
69
70
70
71
71
72
72
65
66
66
66
66
66
67
67
67
67
69
69
50
45
52
48
54
51
56
54
58
57
57
57
60
60
62
63
63
63
64
66
66
66
69
69
72
72
75
75
78
78
78
78
81
81
84
84
87
87
72
72
75
75
75
75
78
78
81
81
84
84
87
87
90
90
69
69
72
72
72
72
75
75
68
68
66
66
77
67
76
67
75
67
74
67
73
68
68
67
72
67
71
68
68
67
70
68
68
67
69
68
68
69
69
70
70
71
71
71
71
72
72
73
73
74
74
69
69
70
70
70
70
71
71
72
72
73
73
74
74
75
75
69
67
67
68
68
68
69
69
69
69
69
77
67
76
67
75
67
74
67
73
68
68
67
72
67
71
68
68
67
70
68
68
67
69
68
68
69
69
70
70
71
71
71
71
72
72
73
73
74
74
69
69
70
70
70
70
71
71
72
72
73
73
74
74
75
75
69
67
67
68
69
69
69
69
69
67
67
87
76
85
75
83
74
81
73
79
74
74
72
77
71
75
72
72
70
73
71
71
69
71
70
70
71
71
72
72
73
73
73
73
74
74
75
75
76
76
71
71
72
72
72
72
73
73
74
74
75
75
76
76
77
77
67
70
67
68
68
69
69
69
70
70
70
70
70
87
76
85
75
83
74
81
73
79
74
74
72
77
71
75
72
72
70
73
71
71
69
71
70
70
71
71
72
72
73
73
73
73
74
74
75
75
76
76
71
71
72
72
72
72
73
73
74
74
75
75
76
76
77
77
67
70
67
68
68
69
69
69
70
70
70
70
70
87
76
85
75
83
74
81
73
79
74
74
72
77
71
75
72
72
70
73
71
71
69
71
70
70
71
71
72
72
73
73
73
73
74
74
75
75
76
76
71
71
72
72
72
72
73
73
74
74
75
75
76
76
77
77
67
70
67
68
68
67
67
69
70
70
70
70
70
87
76
85
75
83
74
81
73
79
74
74
72
77
71
75
72
72
70
73
71
71
69
71
70
70
71
71
72
72
73
73
73
73
74
74
75
75
76
76
71
71
72
72
72
72
73
73
74
74
75
75
76
76
77
77
67
70
67
68
68
69
70
70
70
70
70
98
86
95
84
92
82
89
80
86
81
81
78
83
76
80
77
77
74
77
75
75
72
74
73
73
74
74
75
75
76
76
76
76
77
77
78
78
79
79
74
74
75
75
75
75
76
76
77
77
78
78
79
79
80
80
69
72
68
67
69
69
67
71
72
72
72
72
72
98
86
95
84
92
82
89
80
86
81
81
78
83
76
80
77
77
74
77
75
75
72
74
73
73
74
74
75
75
76
76
76
76
77
77
78
78
79
79
74
74
75
75
75
75
76
76
77
77
78
78
79
79
80
80
69
72
68
67
69
69
67
71
72
72
72
72
72
66
57
66
58
66
59
66
60
66
61
61
61
66
62
66
63
63
63
66
64
64
64
66
65
65
66
66
67
67
68
68
68
68
69
69
70
70
71
71
66
66
67
67
67
67
68
68
69
69
70
70
71
71
72
72
65
66
66
67
67
67
67
68
68
66
66
57
50
58
52
59
54
60
56
61
58
58
58
62
60
63
62
62
62
64
64
64
64
65
66
66
68
68
70
70
72
72
72
72
74
74
76
76
78
78
68
68
70
70
70
70
72
72
74
74
76
76
78
78
80
80
66
68
68
70
70
70
70
72
72
68
68
77
67
76
67
75
67
74
67
73
68
68
67
72
67
71
68
68
67
70
68
68
67
69
68
68
69
69
70
70
71
71
71
71
72
72
73
73
74
74
69
69
70
70
70
70
71
71
72
72
73
73
74
74
75
75
67
68
68
68
69
69
69
69
70
70
68
68
68
77
67
76
67
75
67
74
67
73
68
68
67
72
67
71
68
68
67
70
68
68
67
69
68
68
69
69
70
70
71
71
71
71
72
72
73
73
74
74
69
69
70
70
70
70
71
71
72
72
73
73
74
74
75
75
67
68
68
68
69
69
69
69
70
70
68
68
68
66
57
66
58
66
59
66
60
66
61
61
61
66
62
66
63
63
63
66
64
64
64
66
65
65
66
66
67
67
68
68
68
68
69
69
70
70
71
71
66
66
67
67
67
67
68
68
69
69
70
70
71
71
72
72
65
66
66
66
67
67
67
67
68
68
66
67
67
66
57
66
58
66
59
66
60
66
61
61
61
66
62
66
63
63
63
66
64
64
64
66
65
65
66
66
67
67
68
68
68
68
69
69
70
70
71
71
66
66
67
67
67
67
68
68
69
69
70
70
71
71
72
72
65
66
66
66
67
67
67
67
68
68
66
67
67

average value: 76.0621848739496
total number considered: 4760
standard error: 0.2087818458978